2 0.48984375 0.8712962962962963 0.034895833333333334 0.15925925925925927
2 0.4859375 0.5888888888888889 0.016666666666666666 0.11296296296296296
2 0.5119791666666667 0.5773148148148148 0.027083333333333334 0.12314814814814815
2 0.6661458333333333 0.6884259259259259 0.022916666666666665 0.13055555555555556
2 0.9911458333333333 0.41712962962962963 0.015625 0.09351851851851851
2 0.8984375 0.3384259259259259 0.0125 0.075
2 0.8052083333333333 0.48055555555555557 0.026041666666666668 0.07592592592592592
2 0.7481770833333333 0.5439814814814815 0.021354166666666667 0.10462962962962963
2 0.5760416666666667 0.38981481481481484 0.016666666666666666 0.07962962962962963
2 0.5151041666666667 0.34305555555555556 0.011458333333333333 0.06944444444444445
2 0.5216145833333333 0.4773148148148148 0.015104166666666667 0.09537037037037037
2 0.49453125 0.33287037037037037 0.013020833333333334 0.0712962962962963
2 0.49192708333333335 0.2847222222222222 0.011979166666666667 0.05277777777777778
2 0.43203125 0.362962962962963 0.027604166666666666 0.07222222222222222
2 0.34088541666666666 0.4074074074074074 0.018229166666666668 0.08703703703703704
2 0.13489583333333333 0.4736111111111111 0.014583333333333334 0.10092592592592593
2 0.10494791666666667 0.26851851851851855 0.013020833333333334 0.053703703703703705
2 0.5015625 0.5152777777777777 0.00625 0.010185185185185186
