2 0.4895833333333333 0.8708333333333333 0.04791666666666667 0.16018518518518518
2 0.4861979166666667 0.5888888888888889 0.0171875 0.11296296296296296
2 0.5122395833333333 0.5782407407407407 0.0265625 0.12314814814814815
2 0.6661458333333333 0.6888888888888889 0.022916666666666665 0.13148148148148148
2 0.9911458333333333 0.41712962962962963 0.015625 0.09351851851851851
2 0.89765625 0.3384259259259259 0.0140625 0.075
2 0.8049479166666667 0.48009259259259257 0.025520833333333333 0.07685185185185185
2 0.74765625 0.5444444444444444 0.021354166666666667 0.10555555555555556
2 0.5744791666666667 0.38981481481481484 0.015625 0.07962962962962963
2 0.5145833333333333 0.34305555555555556 0.011458333333333333 0.06944444444444445
2 0.521875 0.4773148148148148 0.015625 0.09537037037037037
2 0.4942708333333333 0.3314814814814815 0.013541666666666667 0.07037037037037037
2 0.49192708333333335 0.2847222222222222 0.011979166666666667 0.05277777777777778
2 0.4348958333333333 0.3625 0.026041666666666668 0.07314814814814814
2 0.34036458333333336 0.4074074074074074 0.019270833333333334 0.08703703703703704
2 0.13489583333333333 0.4736111111111111 0.014583333333333334 0.10092592592592593
2 0.10494791666666667 0.2675925925925926 0.013020833333333334 0.053703703703703705
2 0.5015625 0.5152777777777777 0.00625 0.010185185185185186
